#
#
#  Percent Identity  Matrix - created by Clustal2.1 
#
#
                    Rat      Mouse   Dog     Pig     Cattle  Sheep   Goat    Rabbit  Humans  Monkey     
     1: Rat         100.00   99.60   92.17   92.76   90.54   93.78   90.49   94.41   93.41   93.81
     2: Mouse        99.60  100.00   92.17   92.76   90.54   93.78   90.49   94.61   93.41   93.81
     3: Dog          92.17   92.17  100.00   96.16   93.74   97.51   90.77   93.48   94.79   94.79
     4: Pig          92.76   92.76   96.16  100.00   95.79   98.01   95.93   95.38   95.77   95.77
     5: Cattle       90.54   90.54   93.74   95.79  100.00   98.26   96.33   92.97   93.36   93.76
     6: Sheep        93.78   93.78   97.51   98.01   98.26  100.00   99.75   96.27   97.01   97.26
     7: Goat         90.49   90.49   90.77   95.93   96.33   99.75  100.00   91.88   93.52   93.93
     8: Rabbit       94.41   94.61   93.48   95.38   92.97   96.27   91.88  100.00   96.02   96.41
     9: Humans       93.41   93.41   94.79   95.77   93.36   97.01   93.52   96.02  100.00   99.00
    10: Monkey       93.81   93.81   94.79   95.77   93.76   97.26   93.93   96.41   99.00  100.00
